#voltage[mV]    CH0 CH1 CH2 Ch3
400     0.01    0.01    0.01    0.01
500     0.01    0.01    0.01    0.01
600     0.03    0.11    0.01    0.24
700     1.62    2.52    0.25    5.70
800     14.85   16.44   4.28    25.82
900     40.76   41.59   18.45   63.58
1000    88.79   86.39   45.90   135.89
1100    183.95  156.69  85.31   317.93
1200    389.01  329.51  150.42  513.06
1300    571.14  538.60  297.26  631.12


#800 chan0
#800 chan1
#850 chan2
#750 chan3

#400     0.15    0       0.70    0
#900     41.67   42.89   18.83   63.50
#1000    89.44   85.68     134.94
#1100    190.3   160.31   313.76
#1200    402.49  336.80   528.92